0,453
0,386
26,1
26,3
10,194
10,180
10,304
10,14
10,296
10,82
10,144
10,2
10,3
11,4
9,7
9,6
9,1
9,4
9,2
9,3
8,4
8,10
8,9
8,7
8,15
34,3
34,2
34,1
34,0
33,3
33,2
33,1
33,0
32,3
32,2
32,1
32,0
31,4
31,3
31,2
31,1
31,0
30,3
30,2
30,1
30,0
29,4
29,3
29,2
29,1
29,0
28,3
28,2
28,1
28,0
27,3
27,2
27,1
20,3
20,2
20,1
19,3
19,2
19,1
12,3
12,2
12,1
11,26
11,25
11,24
11,23
11,21
11,20
11,19
11,18
11,16
11,15
11,14
11,12
11,10
11,8
11,6
11,3
18,1
11,2
18,3
11,1
10,294
10,284
10,280
10,258
14,1
10,221
10,219
14,3
